0 33
0 115
0 118
1 235
2 0
2 2
2 4
2 5
2 9
2 33
2 36
2 37
2 57
2 71
2 74
2 76
2 98
2 113
2 128
2 134
2 136
2 137
2 157
2 171
2 179
2 181
2 185
2 192
2 206
2 221
2 233
2 246
2 249
2 259
2 269
3 15
4 18
4 25
4 26
4 27
4 32
4 86
4 90
4 92
4 104
4 126
4 127
4 131
4 143
4 189
4 193
4 198
4 205
4 216
4 217
4 229
5 6
5 13
5 27
5 29
5 49
5 83
5 86
5 92
5 119
5 141
5 143
5 170
5 193
5 216
5 261
5 264
5 270
5 272
6 166
7 8
7 36
7 37
7 57
7 74
7 76
7 98
7 128
7 134
7 136
7 137
7 157
7 171
7 192
7 206
7 221
7 249
7 259
7 269
8 104
8 217
9 126
9 131
9 163
9 198
10 22
10 42
10 51
10 104
10 163
10 215
10 264
11 203
12 21
12 100
12 237
12 250
13 28
13 36
13 37
13 74
13 76
13 128
13 134
13 136
13 137
13 138
13 157
13 165
13 185
13 192
13 206
13 235
13 240
14 55
14 180
15 213
15 228
16 42
16 87
16 191
16 209
17 39
18 104
18 217
18 271
19 133
19 247
20 256
21 201
22 174
23 122
24 166
25 114
25 165
25 166
25 179
25 210
26 237
27 237
28 179
29 50
29 127
29 189
30 8
30 51
30 53
30 130
30 172
30 173
30 196
30 214
30 225
30 243
30 260
30 263
31 200
32 51
32 53
32 57
32 98
32 130
32 171
32 172
32 173
32 196
32 214
32 221
32 225
32 243
32 249
32 259
32 260
32 261
32 269
32 270
33 8
34 158
35 190
36 236
37 111
37 183
37 188
37 190
37 251
37 262
38 48
38 59
38 108
38 154
38 197
38 212
38 244
38 245
38 248
38 261
38 270
39 119
39 132
40 113
41 32
41 34
41 35
41 49
41 83
41 84
41 101
41 110
41 115
41 141
41 148
41 170
42 21
42 38
42 100
42 126
42 131
42 198
42 237
42 250
43 251
44 20
44 41
44 91
44 95
44 108
44 111
44 154
44 188
44 231
44 242
44 254
44 257
44 262
45 69
46 16
46 152
46 190
46 204
47 6
47 7
47 8
47 19
47 20
47 40
47 45
47 48
47 49
47 59
47 83
47 84
47 96
47 97
47 101
47 110
47 118
47 147
47 152
47 153
47 170
47 174
47 175
47 184
47 194
47 203
47 244
47 245
47 272
47 274
48 202
49 66
50 165
51 1
51 10
51 50
51 89
51 95
51 199
51 255
52 176
53 1
53 10
53 255
54 3
54 95
55 261
55 270
56 36
56 37
56 74
56 128
56 134
56 136
56 137
56 157
56 185
56 192
56 206
57 188
57 234
58 117
58 218
59 47
59 258
60 27
60 143
61 27
61 86
61 92
61 127
61 143
61 189
61 193
61 216
62 27
62 32
62 86
62 88
62 92
62 106
62 109
62 143
62 193
62 216
63 36
63 37
63 57
63 74
63 76
63 98
63 128
63 134
63 136
63 137
63 157
63 171
63 192
63 206
63 221
63 249
63 259
63 269
64 3
64 111
64 114
64 188
64 210
64 262
65 195
65 230
66 114
66 210
67 18
67 25
67 90
68 62
68 241
68 242
69 47
69 49
69 83
69 141
69 152
69 153
69 155
69 170
69 258
70 54
70 219
71 27
71 56
71 63
71 86
71 92
71 143
71 179
71 193
71 216
72 12
72 46
72 267
73 103
74 12
74 36
74 37
74 46
74 50
74 70
74 74
74 94
74 96
74 115
74 128
74 134
74 136
74 137
74 144
74 157
74 167
74 185
74 190
74 192
74 206
74 208
74 267
74 272
74 273
75 29
75 49
75 83
75 84
75 101
75 110
75 116
75 170
75 186
75 207
76 205
77 24
77 91
77 96
77 107
77 226
77 257
78 1
78 10
78 255
79 24
79 36
79 37
79 74
79 76
79 91
79 103
79 128
79 134
79 136
79 137
79 192
79 206
79 226
79 257
80 114
80 117
80 152
80 210
80 218
81 19
81 45
81 174
82 18
82 25
82 27
82 29
82 49
82 64
82 67
82 83
82 86
82 88
82 90
82 92
82 141
82 143
82 170
82 193
82 216
82 231
82 254
83 27
83 30
83 40
83 52
83 55
83 82
83 86
83 92
83 142
83 143
83 159
83 175
83 180
83 193
83 216
84 19
84 45
84 174
85 22
85 72
85 178
85 215
85 271
86 205
87 205
88 5
88 12
88 22
88 27
88 29
88 46
88 48
88 57
88 58
88 59
88 62
88 68
88 72
88 81
88 83
88 86
88 92
88 93
88 98
88 120
88 121
88 123
88 127
88 141
88 143
88 148
88 163
88 167
88 170
88 171
88 189
88 193
88 208
88 215
88 216
88 221
88 223
88 227
88 232
88 244
88 245
88 249
88 259
88 261
88 267
88 269
88 270
88 272
88 273
89 54
89 219
90 27
90 86
90 92
90 143
90 193
90 216
91 3
91 27
91 51
91 53
91 86
91 92
91 130
91 143
91 172
91 173
91 193
91 196
91 203
91 214
91 216
91 225
91 238
91 243
91 260
91 263
92 29
92 49
92 83
92 170
93 8
94 165
95 14
95 17
95 48
95 59
95 107
95 148
95 179
95 244
95 245
96 66
97 73
97 266
98 27
98 86
98 92
98 143
98 193
98 216
98 261
98 270
99 85
99 105
99 135
100 95
100 123
100 182
100 202
100 227
101 7
102 43
102 96
102 156
103 7
104 7
105 7
106 19
106 22
106 42
106 45
106 70
106 72
106 104
106 117
106 142
106 165
106 169
106 170
106 174
106 187
106 215
106 217
106 218
106 251
107 104
107 217
108 15
108 20
108 34
108 84
108 101
108 110
108 117
108 127
108 189
108 218
109 66
109 77
110 151
111 151
112 195
112 230
113 60
114 41
115 61
115 75
115 142
115 162
116 111
116 251
116 262
117 84
117 101
117 110
117 160
118 84
118 110
118 124
119 84
119 110
120 133
120 247
121 124
122 12
122 19
122 28
122 45
122 46
122 57
122 75
122 84
122 85
122 94
122 98
122 101
122 105
122 110
122 113
122 116
122 124
122 135
122 138
122 154
122 167
122 171
122 174
122 183
122 208
122 238
122 249
122 259
122 261
122 267
122 269
122 270
122 273
123 124
124 95
124 108
124 154
125 8
125 36
125 37
125 57
125 74
125 76
125 98
125 108
125 128
125 134
125 136
125 137
125 154
125 171
125 192
125 206
125 221
125 249
125 259
125 269
126 124
127 127
127 189
127 238
127 240
128 272
129 179
130 117
130 120
130 121
130 123
130 212
130 218
130 223
130 227
131 18
131 21
131 25
131 26
131 27
131 29
131 32
131 36
131 37
131 40
131 57
131 68
131 73
131 74
131 76
131 86
131 90
131 92
131 93
131 98
131 100
131 111
131 118
131 128
131 134
131 136
131 137
131 140
131 141
131 143
131 145
131 149
131 157
131 171
131 175
131 177
131 179
131 185
131 188
131 192
131 193
131 206
131 216
131 220
131 221
131 229
131 231
131 232
131 237
131 249
131 250
131 252
131 254
131 259
131 262
131 266
131 269
132 6
132 122
132 241
133 135
134 185
135 3
135 11
135 13
135 18
135 25
135 26
135 33
135 36
135 37
135 38
135 68
135 74
135 75
135 85
135 90
135 93
135 105
135 112
135 120
135 121
135 123
135 134
135 135
135 137
135 142
135 157
135 168
135 179
135 183
135 185
135 192
135 203
135 206
135 212
135 217
135 223
135 227
135 229
135 232
135 264
136 14
136 17
136 222
137 0
137 2
137 9
137 71
138 114
138 210
139 13
139 51
139 53
139 130
139 172
139 173
139 196
139 214
139 225
139 243
139 260
139 263
139 264
140 0
140 2
140 9
140 71
141 0
141 2
141 9
141 71
142 0
142 2
142 9
142 71
143 0
143 2
143 9
143 71
144 22
144 24
144 27
144 38
144 69
144 72
144 86
144 91
144 92
144 108
144 124
144 143
144 154
144 166
144 193
144 195
144 205
144 215
144 216
144 230
144 236
144 241
144 251
144 257
144 266
145 26
145 118
145 195
145 229
145 230
146 272
147 111
147 116
147 188
147 203
147 262
148 16
148 204
149 190
150 51
150 53
150 88
150 130
150 172
150 173
150 196
150 214
150 225
150 243
150 260
150 263
151 118
152 22
152 72
152 215
153 105
154 8
154 14
154 16
154 17
154 19
154 24
154 26
154 27
154 29
154 31
154 38
154 43
154 45
154 49
154 54
154 58
154 68
154 75
154 81
154 83
154 86
154 91
154 92
154 93
154 97
154 115
154 116
154 118
154 125
154 127
154 132
154 139
154 141
154 143
154 151
154 152
154 153
154 160
154 164
154 170
154 174
154 176
154 177
154 178
154 182
154 189
154 193
154 195
154 201
154 204
154 216
154 219
154 226
154 229
154 230
154 232
154 240
154 241
154 251
154 253
154 257
154 261
154 270
154 271
155 6
155 16
155 203
155 204
155 238
156 20
157 20
157 21
157 100
157 237
157 250
158 84
158 101
158 110
158 194
158 274
159 11
159 58
159 155
159 212
160 26
160 229
161 69
161 78
161 79
161 116
162 27
162 86
162 92
162 143
162 193
162 216
163 51
163 53
163 104
163 130
163 172
163 173
163 196
163 214
163 217
163 225
163 243
163 260
163 263
164 56
164 63
164 75
164 106
164 109
165 114
165 210
166 65
167 18
167 25
167 65
167 90
167 104
167 217
168 75
168 80
169 0
169 2
169 4
169 5
169 9
169 54
169 71
169 161
169 181
169 205
169 219
169 233
169 246
169 272
170 103
171 272
172 104
172 217
173 6
173 27
173 56
173 63
173 86
173 92
173 143
173 193
173 216
174 205
175 56
175 60
175 63
175 69
175 80
175 104
175 107
175 114
175 117
175 127
175 142
175 150
175 162
175 178
175 179
175 183
175 189
175 201
175 210
175 217
175 218
175 251
175 261
175 270
175 271
176 205
177 205
178 205
179 16
179 17
179 26
179 75
179 85
179 89
179 104
179 105
179 106
179 109
179 135
179 176
179 201
179 204
179 205
179 217
179 229
179 238
179 242
180 272
181 18
181 25
181 90
182 272
183 24
183 91
183 226
184 70
184 89
184 96
185 8
185 112
185 168
186 36
186 37
186 40
186 62
186 74
186 76
186 89
186 124
186 128
186 134
186 136
186 137
186 157
186 175
186 185
186 192
186 195
186 206
186 230
187 111
187 188
187 262
188 16
188 20
188 35
188 41
188 71
188 73
188 75
188 114
188 132
188 133
188 176
188 204
188 210
188 234
188 239
188 247
189 117
189 218
190 22
190 24
190 72
190 91
190 158
190 215
190 226
190 257
190 272
191 11
191 12
191 21
191 26
191 31
191 43
191 46
191 57
191 98
191 100
191 125
191 167
191 171
191 208
191 221
191 229
191 237
191 249
191 250
191 259
191 267
191 269
191 273
192 24
192 51
192 53
192 91
192 96
192 104
192 117
192 130
192 139
192 150
192 156
192 164
192 172
192 173
192 177
192 196
192 214
192 217
192 218
192 225
192 226
192 243
192 260
192 263
193 202
194 38
194 51
194 53
194 73
194 130
194 161
194 172
194 173
194 196
194 214
194 225
194 239
194 243
194 260
194 263
195 43
196 68
196 93
196 103
196 222
196 232
197 58
197 120
197 121
197 123
197 223
197 227
198 36
198 37
198 74
198 76
198 128
198 132
198 134
198 136
198 137
198 157
198 185
198 192
198 206
198 213
198 228
199 73
199 125
200 27
200 38
200 86
200 92
200 143
200 193
200 216
201 103
202 78
202 179
203 21
203 31
203 100
203 236
203 237
203 240
203 250
204 272
205 56
205 63
206 6
206 145
206 239
207 27
207 86
207 92
207 96
207 143
207 193
207 216
208 0
208 2
208 4
208 5
208 6
208 9
208 41
208 71
208 181
208 233
208 246
209 234
210 50
210 51
210 53
210 130
210 172
210 173
210 196
210 214
210 225
210 243
210 260
210 263
210 272
211 11
211 80
211 116
211 127
211 145
211 176
211 179
211 189
211 251
212 65
212 115
213 144
214 56
214 63
214 203
215 104
215 217
216 166
217 43
218 16
218 18
218 25
218 39
218 41
218 69
218 78
218 81
218 90
218 112
218 166
218 168
218 203
218 204
219 56
220 66
221 18
221 25
221 27
221 66
221 73
221 86
221 90
221 92
221 116
221 129
221 143
221 144
221 165
221 166
221 193
221 216
221 265
222 20
222 78
222 126
222 131
222 195
222 198
222 230
223 36
223 37
223 58
223 61
223 74
223 76
223 128
223 134
223 136
223 137
223 144
223 157
223 192
223 206
223 231
224 36
224 37
224 57
224 66
224 74
224 76
224 98
224 134
224 136
224 137
224 192
224 194
224 203
224 211
224 235
224 256
224 259
224 274
225 62
226 23
226 84
226 101
226 110
226 122
226 139
226 155
226 164
226 224
227 1
227 10
227 48
227 59
227 124
227 155
227 195
227 230
227 244
227 245
227 255
228 78
229 78
229 81
229 96
229 156
229 158
229 202
229 212
229 242
229 256
230 36
230 37
230 57
230 74
230 76
230 98
230 128
230 132
230 134
230 136
230 137
230 157
230 171
230 185
230 192
230 206
230 249
230 259
230 269
231 65
232 241
232 262
233 59
233 88
233 244
234 48
234 59
234 84
234 88
234 101
234 110
234 244
234 245
235 140
235 149
236 18
236 20
236 25
236 90
237 51
237 53
237 86
237 92
237 130
237 143
237 172
237 173
237 193
237 196
237 214
237 216
237 225
237 243
237 260
237 263
238 62
238 64
238 67
238 89
238 165
239 64
239 67
239 124
239 182
239 200
240 41
240 85
240 105
240 135
241 119
241 160
242 47
242 106
242 109
242 258
243 109
244 22
244 72
244 215
245 3
245 12
245 46
245 57
245 98
245 167
245 171
245 208
245 221
245 249
245 259
245 267
245 269
245 273
246 14
246 17
246 22
246 50
246 62
246 72
246 78
246 89
246 107
246 215
246 222
247 210
248 108
248 144
248 154
248 179
249 3
249 21
249 31
249 64
249 67
249 100
249 106
249 109
249 119
249 237
249 250
250 27
250 86
250 92
250 107
250 111
250 143
250 188
250 193
250 216
250 262
251 165
252 8
252 84
252 101
252 110
253 8
253 27
253 29
253 31
253 40
253 48
253 49
253 57
253 59
253 70
253 79
253 83
253 86
253 92
253 95
253 96
253 98
253 115
253 139
253 141
253 143
253 144
253 148
253 155
253 156
253 164
253 170
253 171
253 175
253 190
253 193
253 200
253 216
253 221
253 231
253 240
253 241
253 244
253 245
253 249
253 251
253 254
253 259
253 261
253 269
253 270
253 272
254 22
254 51
254 215
255 116
255 124
256 12
256 46
256 57
256 94
256 98
256 167
256 171
256 208
256 221
256 249
256 259
256 267
256 269
256 273
257 57
257 171
257 221
257 269
258 57
258 98
258 171
258 221
258 249
258 259
258 269
259 6
259 13
259 19
259 45
259 51
259 53
259 66
259 75
259 102
259 112
259 127
259 130
259 166
259 168
259 172
259 173
259 174
259 189
259 196
259 214
259 225
259 228
259 243
259 260
259 263
259 264
260 117
260 218
261 16
261 24
261 30
261 51
261 52
261 53
261 55
261 68
261 82
261 91
261 93
261 113
261 115
261 129
261 130
261 132
261 150
261 159
261 169
261 172
261 173
261 180
261 187
261 190
261 195
261 196
261 204
261 214
261 225
261 226
261 230
261 238
261 240
261 243
261 260
261 261
261 263
261 265
261 270
262 22
262 72
262 73
262 89
262 179
262 215
262 231
262 254
263 51
263 53
263 130
263 145
263 172
263 173
263 196
263 214
263 220
263 225
263 243
263 252
263 260
263 263
264 22
264 72
264 116
264 202
264 215
265 18
265 25
265 27
265 56
265 63
265 86
265 90
265 92
265 143
265 193
265 216
266 3
266 38
266 70
266 89
266 111
266 179
266 188
266 262
267 104
267 217
268 1
268 10
268 255
269 1
269 10
269 73
269 117
269 218
269 255
269 256
270 33
270 127
270 189
270 222
271 12
271 46
271 167
271 208
271 267
271 273
272 24
272 91
272 257
273 68
273 81
273 93
273 232
274 42
275 6
276 104
277 78
277 116
277 120
277 121
277 123
277 145
277 223
277 227
277 231
277 254
278 50
279 213
280 20
280 58
280 234
281 158
282 27
282 84
282 86
282 92
282 101
282 110
282 120
282 121
282 123
282 143
282 162
282 193
282 216
282 223
282 227
283 60
283 239
284 96
285 19
285 36
285 37
285 45
285 62
285 64
285 67
285 74
285 76
285 106
285 128
285 134
285 136
285 137
285 152
285 157
285 174
285 177
285 184
285 185
285 194
285 200
285 206
285 274
286 27
286 51
286 53
286 62
286 86
286 92
286 104
286 115
286 130
286 143
286 172
286 173
286 178
286 193
286 196
286 214
286 216
286 217
286 225
286 243
286 260
286 261
286 263
286 270
286 271
287 27
287 64
287 67
287 86
287 89
287 92
287 143
287 165
287 193
287 216
288 36
288 37
288 74
288 76
288 128
288 134
288 136
288 137
288 157
288 185
288 192
288 206
289 73
289 104
289 125
289 217
290 110
291 18
291 25
291 90
291 145
292 21
292 100
292 237
292 240
292 250
293 60
293 99
293 120
293 121
293 123
293 223
293 227
294 14
294 17
294 18
294 25
294 27
294 31
294 84
294 86
294 90
294 92
294 101
294 110
294 126
294 131
294 143
294 193
294 198
294 216
294 241
295 151
296 120
296 121
296 123
296 223
296 227
297 261
297 270
298 34
298 62
298 68
298 127
298 189
298 203
298 266
299 203
300 125
301 27
301 86
301 92
301 108
301 143
301 154
301 165
301 190
301 193
301 216
301 236
301 240
302 8
302 127
302 184
302 189
302 194
302 203
302 251
302 274
303 1
303 10
303 69
303 255
304 6
304 15
304 26
304 28
304 36
304 37
304 60
304 74
304 76
304 112
304 128
304 134
304 136
304 137
304 138
304 157
304 168
304 185
304 192
304 206
304 229
304 239
304 272
305 42
305 89
306 22
306 26
306 38
306 72
306 125
306 215
306 229
307 18
307 25
307 90
308 48
308 59
308 120
308 121
308 123
308 148
308 223
308 227
308 244
308 245
309 50
309 79
310 151
311 15
311 19
311 40
311 45
311 68
311 93
311 108
311 154
311 158
311 174
311 175
311 232
311 238
312 32
313 12
313 46
313 78
313 94
313 108
313 154
313 167
313 208
313 273
314 117
314 218
315 163
316 27
316 86
316 92
316 104
316 143
316 193
316 216
316 217
317 183
318 27
318 68
318 84
318 86
318 92
318 93
318 101
318 110
318 142
318 143
318 160
318 193
318 216
318 232
319 24
319 43
319 88
319 91
319 226
319 256
319 257
320 27
320 81
320 86
320 92
320 143
320 150
320 193
320 216
321 213
321 228
322 18
322 25
322 68
322 90
322 117
322 218
322 232
323 46
323 57
323 94
323 98
323 108
323 154
323 167
323 208
323 221
323 249
323 259
323 267
323 273
324 22
324 72
324 215
325 36
325 37
325 74
325 127
325 128
325 134
325 136
325 137
325 157
325 189
325 192
325 206
326 18
326 21
326 25
326 30
326 43
326 52
326 69
326 78
326 82
326 85
326 90
326 100
326 105
326 135
326 159
326 179
326 180
326 195
326 230
326 237
326 250
327 69
327 116
328 18
328 25
328 90
328 194
328 274
329 34
329 48
329 59
329 65
329 148
329 238
329 244
329 245
330 22
330 72
330 119
330 155
330 215
331 36
331 37
331 57
331 74
331 76
331 98
331 128
331 134
331 136
331 137
331 157
331 171
331 185
331 190
331 192
331 203
331 206
331 220
331 240
331 249
331 252
331 259
331 269
332 111
332 262
333 41
334 89
334 145
335 1
335 10
335 124
335 179
335 255
336 30
336 51
336 52
336 53
336 55
336 80
336 82
336 125
336 130
336 159
336 172
336 173
336 179
336 180
336 196
336 214
336 225
336 243
336 260
336 263
337 32
337 64
337 67
338 14
338 17
339 27
339 81
339 86
339 92
339 143
339 193
339 216
340 95
340 251
341 56
341 63
342 8
343 8
343 69
343 152
343 178
343 271
344 36
344 37
344 74
344 76
344 127
344 128
344 134
344 136
344 137
344 157
344 185
344 189
344 192
344 203
344 206
345 36
345 37
345 48
345 50
345 59
345 74
345 76
345 104
345 128
345 134
345 136
345 137
345 148
345 157
345 184
345 185
345 192
345 194
345 206
345 217
345 244
345 245
345 274
346 85
346 103
346 105
346 111
346 135
346 188
346 231
346 254
346 262
347 89
348 89
349 184
349 194
349 274
350 132
350 205
351 27
351 86
351 92
351 116
351 143
351 193
351 216
351 234
352 158
352 184
352 194
353 81
353 144
353 254
354 18
354 21
354 25
354 27
354 85
354 86
354 90
354 92
354 100
354 104
354 105
354 124
354 135
354 143
354 145
354 193
354 216
354 217
354 237
354 250
355 78
355 89
355 121
355 123
355 190
355 223
355 227
356 1
356 10
357 6
357 14
357 17
357 29
357 30
357 34
357 36
357 37
357 41
357 49
357 52
357 55
357 57
357 64
357 67
357 68
357 74
357 76
357 77
357 79
357 82
357 83
357 91
357 93
357 98
357 103
357 107
357 115
357 128
357 129
357 134
357 136
357 137
357 141
357 144
357 152
357 157
357 158
357 159
357 162
357 163
357 166
357 170
357 171
357 180
357 182
357 185
357 190
357 192
357 200
357 201
357 202
357 206
357 221
357 222
357 226
357 232
357 240
357 249
357 257
357 259
357 265
357 266
357 269
358 0
358 2
358 4
358 5
358 9
358 71
358 75
358 122
358 181
358 233
358 246
359 27
359 86
359 92
359 143
359 193
359 216
359 241
359 261
359 270
360 56
360 63
361 68
361 93
361 232
362 27
362 86
362 92
362 143
362 179
362 193
362 216
363 48
363 51
363 53
363 59
363 69
363 130
363 139
363 148
363 160
363 164
363 172
363 173
363 196
363 214
363 225
363 243
363 244
363 245
363 260
363 263
364 49
364 83
364 170
365 21
365 43
365 50
365 70
365 100
365 102
365 125
365 127
365 189
365 203
365 237
365 250
366 7
366 133
366 178
366 212
366 220
366 252
366 271
367 242
368 65
368 75
368 201
369 108
369 154
370 252
371 256
372 78
373 96
374 27
374 86
374 92
374 143
374 182
374 193
374 216
374 261
374 270
375 0
375 2
375 4
375 5
375 9
375 13
375 27
375 40
375 71
375 86
375 92
375 96
375 133
375 143
375 175
375 181
375 190
375 193
375 216
375 233
375 238
375 246
375 247
375 264
375 272
376 43
376 155
377 3
377 40
377 175
378 30
378 52
378 55
378 78
378 82
378 108
378 154
378 159
378 236
379 27
379 48
379 59
379 66
379 86
379 92
379 116
379 120
379 121
379 123
379 143
379 148
379 162
379 193
379 195
379 201
379 216
379 223
379 227
379 230
379 244
379 245
380 257
381 57
381 98
381 171
381 249
381 259
381 269
382 62
382 120
382 121
382 122
382 123
382 169
382 223
382 227
383 62
383 120
383 121
383 122
383 123
383 169
383 223
383 227
384 6
384 10
384 31
384 33
384 48
384 59
384 115
384 117
384 120
384 121
384 122
384 123
384 124
384 140
384 149
384 152
384 169
384 177
384 187
384 218
384 223
384 227
384 244
384 245
384 255
384 261
384 266
384 270
385 18
385 25
385 27
385 85
385 86
385 90
385 92
385 96
385 105
385 135
385 143
385 193
385 216
385 235
386 26
386 39
386 229
387 18
387 25
387 33
387 90
387 114
387 122
387 210
388 15
388 126
388 131
388 198
388 241
389 35
389 139
389 164
390 18
390 25
390 27
390 29
390 49
390 57
390 83
390 86
390 90
390 92
390 98
390 140
390 141
390 143
390 149
390 170
390 171
390 193
390 216
390 221
390 249
390 259
390 269
391 48
391 59
391 244
391 245
392 27
392 86
392 92
392 116
392 143
392 193
392 216
392 261
392 270
393 111
393 188
393 197
393 248
393 262
394 104
394 217
395 75
396 27
396 42
396 61
396 66
396 86
396 92
396 143
396 193
396 216
396 256
397 66
398 6
398 24
398 34
398 50
398 58
398 69
398 77
398 91
398 95
398 96
398 226
398 241
398 257
398 272
399 77
400 195
400 230
401 27
401 86
401 89
401 92
401 113
401 117
401 143
401 193
401 216
401 218
401 266
402 36
402 37
402 74
402 76
402 128
402 134
402 136
402 137
402 157
402 185
402 192
402 206
403 6
404 151
404 258
405 30
405 52
405 55
405 82
405 159
405 180
405 200
406 77
406 251
407 132
407 142
408 158
409 109
410 12
410 18
410 25
410 46
410 90
410 108
410 154
410 166
410 167
410 169
410 184
410 187
410 194
410 202
410 208
410 234
410 267
410 273
410 274
411 1
411 10
411 14
411 16
411 17
411 41
411 125
411 126
411 131
411 140
411 149
411 156
411 198
411 204
411 234
411 255
412 0
412 2
412 4
412 5
412 9
412 27
412 38
412 71
412 86
412 92
412 108
412 117
412 124
412 139
412 143
412 154
412 164
412 177
412 179
412 181
412 193
412 216
412 218
412 233
412 236
412 246
413 22
413 72
413 73
413 95
413 106
413 182
413 215
413 222
413 234
413 236
414 64
414 67
414 238
415 15
415 120
415 121
415 123
415 223
415 227
416 3
417 251
418 27
418 49
418 83
418 86
418 92
418 143
418 170
418 193
418 203
418 216
419 21
419 100
419 237
419 250
420 21
420 100
420 237
420 250
421 34
421 115
422 27
422 85
422 86
422 92
422 105
422 135
422 143
422 161
422 165
422 193
422 216
423 143
423 193
423 216
424 35
425 13
425 264
426 22
426 72
426 215
427 103
427 104
427 217
428 48
428 59
428 244
428 245
429 151
430 145
431 126
431 131
431 198
432 26
432 155
432 236
433 85
433 105
433 135
434 238
435 15
435 27
435 43
435 86
435 92
435 143
435 193
435 216
436 147
436 151
437 27
437 81
437 86
437 92
437 143
437 193
437 216
437 251
438 251
439 21
439 100
439 160
439 237
439 250
440 179
441 124
441 165
442 49
442 102
442 139
442 164
443 201
444 18
444 25
444 80
444 90
445 13
445 64
445 67
445 114
445 210
445 264
446 145
447 19
447 40
447 45
447 50
447 79
447 127
447 162
447 174
447 189
447 236
447 242
448 22
448 28
448 49
448 57
448 72
448 83
448 98
448 138
448 158
448 170
448 171
448 215
448 249
448 259
448 266
448 269
449 155
449 161
449 222
449 266
450 179
451 190
452 220
452 252
453 43
454 50
454 127
454 189
455 57
455 88
455 98
455 147
455 158
455 171
455 190
455 203
455 238
455 240
455 249
455 258
455 259
455 261
455 269
455 270
456 116
457 33
458 158
458 241
459 8
459 14
459 17
459 33
459 36
459 37
459 51
459 53
459 74
459 76
459 126
459 128
459 130
459 131
459 134
459 136
459 137
459 157
459 172
459 173
459 179
459 185
459 192
459 196
459 198
459 206
459 214
459 225
459 243
459 260
459 263
460 8
460 12
460 46
460 85
460 94
460 105
460 135
460 167
460 208
460 267
460 273
461 27
461 86
461 92
461 143
461 193
461 211
461 216
461 261
461 270
462 78
463 84
463 110
464 50
464 96
464 107
464 116
464 129
464 144
464 182
464 202
464 228
464 239
464 265
465 84
465 110
465 124
466 222
467 18
467 25
467 90
468 89
468 140
468 149
468 158
469 162
470 7
471 7
472 0
472 2
472 4
472 5
472 9
472 71
472 179
472 181
472 233
472 246
473 14
473 17
473 36
473 37
473 41
473 48
473 57
473 59
473 65
473 74
473 76
473 84
473 95
473 98
473 101
473 110
473 116
473 126
473 128
473 131
473 134
473 136
473 137
473 157
473 171
473 185
473 192
473 195
473 198
473 206
473 221
473 230
473 236
473 240
473 244
473 245
473 249
473 259
473 269
474 62
475 15
475 28
475 34
475 51
475 53
475 68
475 119
475 122
475 130
475 138
475 155
475 172
475 173
475 196
475 214
475 222
475 225
475 243
475 260
475 263
476 145
477 111
477 120
477 121
477 123
477 150
477 188
477 195
477 223
477 227
477 230
477 262
478 27
478 86
478 92
478 96
478 129
478 132
478 143
478 156
478 193
478 216
478 240
478 261
478 265
478 270
479 194
480 12
480 32
480 46
480 94
480 144
480 208
480 267
480 273
481 27
481 66
481 86
481 92
481 143
481 166
481 190
481 193
481 216
482 27
482 86
482 193
483 27
483 86
483 193
484 27
484 86
484 193
485 21
485 100
485 237
485 241
485 250
486 24
486 91
486 226
486 257
487 14
487 17
487 266
488 241
489 62
489 120
489 121
489 123
489 133
489 223
489 227
489 247
490 272
491 272
492 27
492 86
492 92
492 126
492 131
492 143
492 193
492 198
492 216
493 0
493 2
493 4
493 5
493 9
493 71
493 181
493 233
493 246
494 85
494 105
494 122
494 135
494 166
495 87
495 92
495 191
495 216
496 27
496 56
496 63
496 86
496 92
496 116
496 143
496 193
496 201
496 216
497 27
497 84
497 86
497 92
497 101
497 110
497 143
497 193
497 216
498 27
498 86
498 92
498 126
498 131
498 143
498 193
498 198
498 216
499 77
499 176
499 190
500 21
500 68
500 93
500 100
500 124
500 153
500 232
500 237
500 250
501 40
501 175
502 58
502 176
503 124
503 158
504 3
504 19
504 21
504 26
504 38
504 45
504 54
504 64
504 67
504 75
504 88
504 100
504 104
504 113
504 132
504 174
504 217
504 219
504 229
504 237
504 239
504 250
505 57
505 98
505 171
505 249
505 259
505 269
506 38
506 123
506 227
507 201
508 201
509 27
509 86
509 89
509 92
509 114
509 143
509 151
509 163
509 190
509 193
509 201
509 210
509 216
509 261
509 270
510 57
510 98
510 171
510 221
510 249
510 259
510 269
511 48
511 59
511 111
511 148
511 165
511 188
511 244
511 245
511 262
512 124
513 86
513 92
513 193
513 216
514 0
514 5
514 6
514 21
514 27
514 28
514 36
514 37
514 49
514 57
514 71
514 74
514 76
514 77
514 83
514 85
514 86
514 88
514 92
514 98
514 100
514 105
514 120
514 121
514 123
514 124
514 128
514 132
514 134
514 135
514 136
514 137
514 138
514 141
514 143
514 157
514 170
514 171
514 181
514 185
514 192
514 193
514 206
514 216
514 223
514 227
514 235
514 237
514 249
514 250
514 259
514 261
514 269
514 270
515 124
516 124
517 1
517 10
517 57
517 77
517 98
517 165
517 171
517 221
517 249
517 255
517 259
517 269
518 22
518 72
518 215
519 38
519 51
519 53
519 75
519 130
519 172
519 173
519 196
519 214
519 225
519 243
519 260
519 263
520 30
520 52
520 82
520 159
520 180
521 86
521 92
521 193
521 216
522 86
522 92
522 193
522 216
523 20
524 1
524 10
524 169
524 187
524 212
524 255
525 120
525 121
525 123
525 223
525 227
526 11
527 27
527 86
527 92
527 143
527 193
527 216
528 36
528 37
528 57
528 74
528 76
528 98
528 128
528 134
528 136
528 137
528 157
528 171
528 185
528 192
528 206
528 221
528 249
528 259
528 269
529 49
529 78
529 83
529 114
529 146
529 170
529 195
529 210
529 230
529 268
530 67
531 133
531 247
532 241
533 139
533 164
534 22
534 163
534 215
535 22
535 51
535 163
535 215
536 271
537 22
537 42
537 51
537 104
537 163
537 215
537 264
538 104
538 217
539 22
539 42
539 51
539 104
539 215
539 264
540 22
540 42
540 51
540 104
540 163
540 215
540 264
541 27
541 40
541 84
541 86
541 92
541 95
541 101
541 110
541 129
541 142
541 143
541 151
541 175
541 193
541 216
541 265
542 32
542 266
543 47
543 125
543 258
544 202
544 241
545 56
545 63
545 160
546 15
546 18
546 25
546 27
546 49
546 83
546 86
546 90
546 92
546 125
546 143
546 170
546 193
546 216
547 240
548 15
548 33
549 240
550 22
550 68
550 72
550 93
550 107
550 156
550 215
550 232
550 239
551 57
551 89
551 98
551 150
551 151
551 171
551 221
551 249
551 259
551 269
551 272
552 132
553 18
553 25
553 54
553 73
553 75
553 89
553 90
553 95
553 104
553 122
553 149
553 174
553 217
553 255
554 57
554 98
554 147
554 171
554 221
554 249
554 259
554 269
555 13
555 51
555 53
555 130
555 172
555 173
555 196
555 214
555 225
555 243
555 260
555 263
555 264
556 11
556 33
556 52
556 55
556 96
556 111
556 126
556 131
556 147
556 159
556 165
556 180
556 188
556 190
556 198
556 201
556 240
556 242
556 262
557 27
557 86
557 92
557 107
557 143
557 193
557 216
558 108
558 154
559 5
560 1
560 10
560 255
561 178
562 178
563 201
564 56
564 63
564 160
565 12
565 36
565 37
565 46
565 74
565 108
565 128
565 129
565 134
565 137
565 157
565 167
565 185
565 192
565 206
565 208
565 265
565 267
565 273
566 261
566 270
567 177
568 27
568 66
568 86
568 92
568 143
568 193
568 216
569 65
569 160
570 202
571 30
571 52
572 18
572 25
573 197
573 248
574 12
574 18
574 25
574 46
574 51
574 53
574 56
574 63
574 70
574 85
574 90
574 94
574 105
574 130
574 135
574 167
574 172
574 173
574 196
574 197
574 208
574 214
574 225
574 243
574 248
574 260
574 263
574 267
574 273
575 197
575 248
576 205
577 139
577 164
578 6
578 24
578 91
578 125
578 226
578 236
578 257
579 110
580 64
580 67
580 68
580 75
580 78
580 93
580 147
580 190
580 239
580 256
581 22
581 72
581 215
582 110
583 110
584 8
584 43
584 139
584 164
585 12
585 46
585 54
585 108
585 154
585 208
585 267
586 126
586 131
586 198
587 36
587 37
587 57
587 74
587 76
587 98
587 128
587 134
587 136
587 137
587 157
587 171
587 185
587 192
587 206
587 249
587 259
587 269
588 19
588 20
588 27
588 28
588 36
588 37
588 45
588 47
588 50
588 57
588 74
588 76
588 78
588 86
588 92
588 107
588 125
588 128
588 134
588 136
588 137
588 138
588 143
588 157
588 171
588 174
588 192
588 193
588 212
588 216
588 249
588 258
588 259
588 261
588 269
588 270
589 3
589 43
589 89
589 114
589 161
589 210
590 24
590 91
590 97
590 102
590 226
590 257
591 127
591 189
591 236
591 261
591 270
592 27
592 86
592 92
592 143
592 193
592 216
593 241
594 3
594 122
594 145
594 201
595 125
596 14
596 17
596 212
597 200
598 3
598 14
598 17
598 129
598 155
598 265
599 179
599 251
600 200
601 200
602 200
603 200
604 18
604 25
604 33
604 38
604 40
604 41
604 75
604 90
604 104
604 112
604 122
604 124
604 125
604 126
604 131
604 133
604 142
604 168
604 175
604 178
604 179
604 198
604 202
604 217
604 236
604 241
604 247
604 271
605 17
605 18
605 25
605 27
605 40
605 44
605 77
605 86
605 90
605 92
605 96
605 112
605 122
605 124
605 132
605 133
605 142
605 143
605 166
605 168
605 175
605 184
605 193
605 194
605 199
605 216
605 236
605 247
605 253
605 261
605 270
605 274
606 114
606 144
607 109
607 251
608 57
608 95
608 98
608 127
608 163
608 189
608 221
608 259
609 8
610 202
611 144
612 145
613 19
613 24
613 45
613 49
613 54
613 69
613 83
613 91
613 102
613 103
613 122
613 150
613 170
613 174
613 179
613 182
613 219
613 226
613 234
613 257
614 127
614 189
615 96
615 142
615 222
616 85
616 104
616 105
616 135
616 217
617 179
618 27
618 86
618 92
618 143
618 193
618 216
618 261
618 270
619 54
619 219
620 6
620 21
620 31
620 49
620 83
620 88
620 100
620 155
620 170
620 179
620 235
620 237
620 250
621 142
622 261
622 270
623 179
624 86
624 193
625 86
625 193
626 3
626 13
626 56
626 63
626 68
626 93
626 98
626 124
626 126
626 131
626 133
626 158
626 162
626 166
626 171
626 198
626 212
626 221
626 232
626 234
626 247
626 249
626 259
626 264
626 269
626 272
627 183
628 133
628 194
628 219
628 274
629 133
629 219
630 133
630 194
630 219
630 274
631 48
631 59
631 148
631 195
631 230
631 234
631 244
631 245
632 50
633 78
633 239
634 166
635 231
635 254
636 8
637 7
638 62
638 64
638 67
639 8
640 36
640 37
640 57
640 74
640 76
640 89
640 98
640 128
640 134
640 136
640 137
640 171
640 192
640 203
640 249
640 259
640 269
641 183
642 18
642 25
642 43
642 90
642 116
642 127
642 189
643 195
643 230
644 8
644 15
644 21
644 28
644 50
644 81
644 100
644 119
644 138
644 144
644 237
644 250
645 44
645 183
645 253
646 15
646 151
647 114
647 210
648 104
648 126
648 131
648 198
648 217
649 27
649 86
649 92
649 143
649 193
649 216
650 106
650 109
650 111
650 147
650 178
650 188
650 212
650 228
650 262
650 271
651 79
651 158
652 24
652 91
652 226
653 16
653 38
653 116
653 204
654 163
655 12
655 46
655 85
655 94
655 105
655 135
655 167
655 208
655 267
655 273
656 178
657 14
657 17
657 26
657 27
657 54
657 81
657 86
657 89
657 92
657 107
657 108
657 116
657 126
657 131
657 143
657 151
657 154
657 155
657 165
657 193
657 198
657 216
657 219
657 222
657 229
657 266
658 183
659 264
660 84
660 89
660 101
660 110
660 234
661 142
661 242
662 203
662 235
663 12
663 16
663 27
663 34
663 46
663 60
663 86
663 92
663 120
663 121
663 123
663 143
663 193
663 202
663 204
663 208
663 216
663 223
663 227
663 261
663 267
663 270
664 21
664 100
664 237
664 250
665 122
665 240
666 19
666 45
666 60
666 96
666 174
667 23
667 84
667 101
667 110
667 119
667 179
667 224
667 272
668 179
668 195
668 230
669 36
669 37
669 74
669 76
669 128
669 129
669 134
669 136
669 137
669 192
669 206
669 265
670 266
671 36
671 37
671 48
671 57
671 59
671 60
671 74
671 76
671 98
671 128
671 134
671 136
671 137
671 157
671 171
671 185
671 192
671 206
671 231
671 244
671 245
671 249
671 254
671 259
671 269
672 179
673 3
673 150
674 26
674 229
675 261
675 270
676 96
676 156
676 160
677 81
678 236
679 13
679 165
679 264
680 68
680 139
680 164
680 232
681 28
681 122
681 138
682 84
682 101
682 110
683 50
683 127
683 189
684 190
685 165
686 18
686 25
686 90
687 132
688 89
689 102
690 38
690 73
690 166
690 179
691 19
691 45
691 174
692 120
692 121
692 123
692 223
692 227
693 184
694 84
694 101
694 110
694 147
694 241
695 108
695 154
695 212
696 34
696 78
696 184
696 194
697 6
697 70
697 80
697 107
697 190
698 57
698 58
698 98
698 171
698 221
698 249
698 259
698 269
699 0
699 2
699 4
699 5
699 9
699 71
699 80
699 181
699 233
699 246
700 24
700 91
700 226
700 257
701 32
701 111
701 188
701 262
702 36
702 37
702 47
702 56
702 63
702 74
702 76
702 96
702 124
702 128
702 134
702 136
702 137
702 147
702 157
702 162
702 185
702 192
702 203
702 206
702 258
703 16
703 145
703 204
704 3
704 56
704 63
704 106
704 109
704 116
705 19
705 45
705 85
705 105
705 135
705 174
705 197
705 248
706 166
707 22
707 24
707 29
707 30
707 49
707 52
707 55
707 72
707 82
707 83
707 89
707 91
707 104
707 111
707 116
707 118
707 122
707 126
707 131
707 132
707 141
707 144
707 159
707 165
707 170
707 180
707 183
707 188
707 198
707 212
707 215
707 217
707 226
707 241
707 256
707 257
707 262
707 272
708 73
708 132
708 150
709 151
710 30
710 52
710 55
710 80
710 82
710 117
710 159
710 169
710 187
710 218
710 231
710 254
711 36
711 37
711 57
711 74
711 76
711 98
711 128
711 134
711 136
711 137
711 171
711 192
711 221
711 249
711 259
711 269
712 179
713 179
714 179
715 202
716 30
716 52
716 55
716 69
716 82
716 180
716 235
717 27
717 86
717 92
717 143
717 193
717 216
717 261
717 270
718 54
718 272
719 73
719 85
719 105
719 135
720 41
720 84
720 101
720 110
720 122
721 73
721 116
722 127
722 189
723 127
723 189
724 41
725 104
725 217
726 41
727 14
727 17
727 51
727 53
727 106
727 109
727 130
727 147
727 172
727 173
727 196
727 214
727 225
727 243
727 260
727 263
728 41
729 11
729 15
729 27
729 60
729 77
729 86
729 92
729 143
729 145
729 193
729 216
730 1
730 10
730 18
730 25
730 65
730 90
730 107
730 123
730 126
730 131
730 198
730 223
730 227
730 255
731 41
732 18
732 25
732 69
732 90
733 41
734 15
734 69
734 166
734 179
734 240
735 104
736 104
737 194
738 18
738 25
738 27
738 85
738 86
738 90
738 92
738 105
738 135
738 143
738 184
738 193
738 194
738 216
738 274
739 18
739 25
740 36
740 37
740 57
740 74
740 76
740 98
740 128
740 134
740 136
740 137
740 157
740 171
740 175
740 185
740 192
740 206
740 249
740 259
740 269
741 41
742 75
743 84
743 101
743 110
744 41
745 1
745 10
745 12
745 18
745 19
745 21
745 25
745 26
745 35
745 38
745 43
745 45
745 46
745 51
745 53
745 54
745 56
745 63
745 64
745 67
745 73
745 75
745 77
745 80
745 84
745 85
745 89
745 90
745 94
745 95
745 96
745 99
745 100
745 101
745 104
745 105
745 108
745 110
745 113
745 115
745 116
745 118
745 122
745 124
745 127
745 130
745 135
745 140
745 144
745 149
745 151
745 154
745 161
745 165
745 167
745 169
745 172
745 173
745 174
745 177
745 178
745 187
745 189
745 196
745 201
745 208
745 214
745 217
745 219
745 225
745 229
745 237
745 238
745 239
745 241
745 243
745 250
745 251
745 255
745 256
745 260
745 261
745 263
745 266
745 267
745 270
745 271
745 273
746 213
746 228
746 256
747 3
747 27
747 86
747 92
747 143
747 193
747 216
747 261
747 270
748 11
748 18
748 25
748 90
748 177
749 24
749 91
749 114
749 161
749 165
749 195
749 210
749 226
749 230
749 257
749 261
749 270
750 28
750 84
750 101
750 108
750 110
750 138
750 154
751 24
751 91
751 147
751 226
751 257
752 36
752 37
752 57
752 74
752 76
752 98
752 119
752 128
752 134
752 136
752 137
752 157
752 171
752 177
752 192
752 206
752 249
752 259
752 269
753 114
753 210
754 27
754 35
754 73
754 86
754 92
754 126
754 131
754 143
754 166
754 176
754 193
754 198
754 216
755 88
756 18
756 25
756 90
757 6
757 13
757 19
757 20
757 45
757 48
757 59
757 60
757 96
757 106
757 109
757 111
757 116
757 132
757 142
757 154
757 174
757 186
757 188
757 195
757 207
757 230
757 234
757 242
757 244
757 245
757 262
757 264
758 51
758 53
758 130
758 160
758 172
758 173
758 179
758 196
758 214
758 225
758 239
758 243
758 260
758 263
759 22
759 27
759 72
759 86
759 92
759 106
759 109
759 124
759 132
759 142
759 143
759 147
759 162
759 193
759 195
759 215
759 216
759 230
759 234
760 30
760 52
760 55
760 159
761 1
761 10
761 38
761 255
762 32
762 179
763 8
763 32
763 41
763 160
764 56
764 63
764 127
764 189
764 251
765 81
766 81
767 90
768 57
768 85
768 98
768 105
768 115
768 135
768 171
768 221
768 249
768 259
768 269
769 178
770 18
770 25
770 90
770 104
770 111
770 188
770 202
770 217
770 262
771 117
771 145
771 218
772 231
772 254
773 272
774 0
774 2
774 4
774 5
774 6
774 8
774 9
774 11
774 12
774 14
774 16
774 17
774 21
774 26
774 27
774 28
774 34
774 36
774 37
774 38
774 41
774 44
774 46
774 48
774 49
774 51
774 53
774 56
774 57
774 59
774 63
774 65
774 68
774 71
774 74
774 76
774 78
774 83
774 85
774 86
774 88
774 92
774 93
774 94
774 96
774 97
774 98
774 99
774 100
774 105
774 106
774 107
774 108
774 109
774 111
774 115
774 120
774 121
774 123
774 124
774 127
774 128
774 129
774 130
774 134
774 135
774 136
774 137
774 138
774 143
774 144
774 145
774 148
774 152
774 153
774 154
774 156
774 157
774 160
774 161
774 167
774 169
774 170
774 171
774 172
774 173
774 178
774 181
774 184
774 185
774 187
774 188
774 189
774 192
774 193
774 194
774 196
774 203
774 204
774 205
774 206
774 208
774 211
774 214
774 216
774 221
774 222
774 223
774 225
774 227
774 229
774 231
774 232
774 233
774 235
774 236
774 237
774 239
774 242
774 243
774 244
774 245
774 246
774 249
774 250
774 251
774 253
774 254
774 256
774 259
774 260
774 261
774 262
774 263
774 265
774 267
774 269
774 270
774 271
774 273
775 21
775 54
775 100
775 219
775 237
775 250
776 261
776 270
777 21
777 23
777 100
777 224
777 237
777 250
778 21
778 100
778 127
778 189
778 237
778 250
779 75
