0
3
4
7
8
9
10
11
12
17
18
19
22
25
26
27
28
30
31
32
33
34
35
37
38
42
43
44
45
47
48
49
50
51
52
53
54
56
59
61
63
64
65
66
68
69
70
71
73
74
77
78
79
82
83
84
85
87
88
89
90
92
93
94
97
99
101
102
103
106
107
109
110
111
112
114
115
116
117
118
119
120
121
122
123
124
125
126
127
129
131
132
133
135
138
143
144
145
146
147
148
150
151
153
154
159
160
161
164
166
169
170
173
174
176
177
179
180
181
182
189
190
192
193
194
195
197
199
202
203
204
205
207
211
214
215
218
219
220
221
222
224
226
228
230
234
235
236
237
238
240
242
244
245
248
251
253
254
255
256
257
258
259
261
263
264
265
268
270
271
272
273
275
276
277
278
281
282
284
285
290
291
293
294
295
297
298
301
302
305
306
307
308
310
312
313
314
315
316
319
320
321
322
323
325
327
328
329
330
333
334
335
336
338
339
341
342
344
346
347
348
349
350
352
353
355
356
357
358
360
362
364
365
366
367
370
371
372
373
374
376
379
381
384
392
394
395
396
398
399
400
402
403
404
405
406
410
412
414
415
418
421
424
427
429
430
431
433
434
435
436
439
440
442
443
444
446
447
448
449
450
453
454
456
457
458
461
462
463
464
465
466
467
468
469
470
472
474
476
477
482
484
485
486
487
495
496
497
499
501
502
503
504
505
506
509
510
511
512
513
514
522
523
524
525
527
528
530
533
534
535
536
537
538
539
541
542
543
544
546
547
548
550
551
552
555
556
557
558
559
562
563
564
565
566
567
568
569
570
571
572
573
574
575
577
578
580
581
582
586
588
589
591
592
593
594
595
596
597
602
603
605
606
608
609
611
613
615
616
617
622
623
624
625
627
628
629
631
633
635
636
637
638
639
640
641
643
646
649
650
653
656
657
658
660
661
662
663
664
667
668
670
672
673
674
675
678
679
680
681
682
685
686
687
689
690
696
697
698
699
700
701
702
703
704
705
706
708
709
710
711
712
713
714
715
716
720
721
722
723
724
725
726
727
728
729
731
732
734
735
736
738
739
740
741
743
744
746
747
748
749
750
752
753
755
756
758
760
761
762
764
765
766
768
769
772
774
777
778
779
