3
5
6
9
15
16
20
23
24
26
34
36
42
43
44
45
51
55
57
59
61
65
67
68
71
72
73
74
75
76
78
81
82
83
86
88
89
90
91
93
95
96
100
101
107
108
109
113
115
118
126
127
132
133
134
135
136
138
139
140
141
142
143
144
146
153
156
158
159
160
161
162
163
165
167
168
169
171
173
177
181
183
185
186
189
193
194
197
198
199
200
201
202
203
205
207
208
212
213
216
218
223
228
229
232
233
234
237
238
239
247
248
251
253
255
256
261
262
263
265
270
271
279
280
281
283
287
292
295
297
299
300
303
306
309
313
316
317
319
320
322
323
325
326
327
333
334
335
338
340
341
343
344
346
349
352
354
355
356
358
360
361
363
364
369
371
372
373
376
382
384
388
389
390
394
397
398
401
404
405
408
411
414
416
418
420
421
422
425
427
428
429
430
433
435
437
438
440
442
443
448
456
458
460
465
468
474
476
478
480
482
488
492
493
494
497
501
502
503
505
508
511
513
517
518
519
520
521
526
527
530
535
542
544
546
550
554
555
561
562
563
566
571
572
573
574
577
580
581
584
585
586
587
591
597
599
605
606
610
611
612
613
617
621
624
625
629
632
633
637
643
645
652
654
657
666
668
672
676
677
680
681
683
684
685
686
687
691
694
697
702
704
705
707
708
713
714
715
718
719
720
722
724
725
726
730
731
734
735
736
737
742
746
748
749
750
752
755
758
759
761
764
765
768
769
770
771
772
775
777
