1
2
3
5
6
8
9
10
15
16
17
18
20
23
24
26
31
33
34
36
37
38
40
42
43
44
45
47
48
49
51
52
55
56
57
59
60
61
63
65
67
68
71
72
73
74
75
76
77
78
79
81
82
83
84
85
86
87
88
89
90
91
93
95
96
98
99
100
101
103
107
108
109
113
115
116
118
126
127
129
130
131
132
133
134
135
136
137
138
139
140
141
142
143
144
145
146
147
148
149
151
152
153
155
156
158
159
160
161
162
163
165
166
167
168
169
170
171
173
174
177
181
183
184
185
186
187
189
191
193
194
197
198
199
200
201
202
203
205
206
207
208
210
212
213
215
216
218
221
222
223
227
228
229
231
232
233
234
235
237
238
239
242
244
246
247
248
250
251
253
254
255
256
257
258
259
261
262
263
264
265
267
269
270
271
272
274
276
278
279
280
281
282
283
287
288
291
292
295
296
297
298
299
300
303
304
306
308
309
310
312
313
314
315
316
317
319
320
321
322
323
325
326
327
329
330
331
333
334
335
336
338
340
341
343
344
346
349
351
352
353
354
355
356
357
358
359
360
361
362
363
364
365
368
369
371
372
373
376
377
378
379
382
383
384
385
388
389
390
392
393
394
397
398
401
403
404
405
406
407
408
409
411
412
414
416
418
420
421
422
425
427
428
429
430
431
432
433
434
435
437
438
440
442
443
446
448
453
454
456
457
458
459
460
461
465
467
468
469
470
471
472
473
474
476
478
480
482
487
488
489
490
491
492
493
494
495
497
500
501
502
503
504
505
506
508
511
512
513
517
518
519
520
521
522
524
525
526
527
528
529
530
531
535
541
542
543
544
545
546
547
550
554
555
558
561
562
563
564
565
566
567
569
570
571
572
573
574
576
577
580
581
584
585
586
587
588
589
591
597
599
605
606
609
610
611
612
613
615
616
617
619
621
622
624
625
629
632
633
635
637
640
642
643
644
645
646
647
651
652
653
654
655
657
662
663
664
665
666
668
669
672
674
675
676
677
678
679
680
681
683
684
685
686
687
689
691
694
695
696
697
699
702
704
705
706
707
708
713
714
715
718
719
720
721
722
724
725
726
727
730
731
734
735
736
737
738
739
740
742
744
746
748
749
750
752
754
755
758
759
760
761
763
764
765
766
767
768
769
770
771
772
774
775
777
778
